v3.0 hex words addressed
00: 114 070 000 000 000 000 000 000 000 000 000 000 000 000 000 000 
10: 114 070 118 810 000 000 000 000 000 000 000 000 000 000 000 000 
20: 114 070 000 000 000 000 000 000 000 000 000 000 000 000 000 000 
30: 114 070 000 000 000 000 000 000 000 000 000 000 000 000 000 000 
40: 114 070 000 000 000 000 000 000 000 000 000 000 000 000 000 000 
50: 114 070 000 000 000 000 000 000 000 000 000 000 000 000 000 000 
60: 114 070 000 000 000 000 000 000 000 000 000 000 000 000 000 000 
70: 114 070 000 000 000 000 000 000 000 000 000 000 000 000 000 000 
80: 114 070 000 000 000 000 000 000 000 000 000 000 000 000 000 000 
90: 114 070 000 000 000 000 000 000 000 000 000 000 000 000 000 000 
a0: 114 070 000 000 000 000 000 000 000 000 000 000 000 000 000 000 
b0: 114 070 000 000 000 000 000 000 000 000 000 000 000 000 000 000 
c0: 114 070 000 000 000 000 000 000 000 000 000 000 000 000 000 000 
d0: 114 070 000 000 000 000 000 000 000 000 000 000 000 000 000 000 
e0: 114 070 000 000 000 000 000 000 000 000 000 000 000 000 000 000 
f0: 114 070 000 000 000 000 000 000 000 000 000 000 000 000 000 000 